# Camera list with one line of data per camera:
#   CAMERA_ID, MODEL, WIDTH, HEIGHT, PARAMS[]
# Number of cameras: 60
1 SIMPLE_RADIAL 478 850 653.87982359136799 239 425 0.00489186558089485
2 SIMPLE_RADIAL 478 850 654.77984988435503 239 425 0.0034897626115769922
3 SIMPLE_RADIAL 478 850 657.49219014743721 239 425 -0.0074414655219001632
4 SIMPLE_RADIAL 478 850 659.32212325817682 239 425 -0.012201789616976034
5 SIMPLE_RADIAL 478 850 653.74428088721697 239 425 0.016592242939507847
6 SIMPLE_RADIAL 478 850 660.36586346018635 239 425 -0.0029227889730287322
7 SIMPLE_RADIAL 478 850 657.49371617063434 239 425 0.0020209820946352286
8 SIMPLE_RADIAL 478 850 654.01056676560677 239 425 0.016682399540142771
9 SIMPLE_RADIAL 478 850 650.51094160982018 239 425 0.0099799579862559305
10 SIMPLE_RADIAL 478 850 654.05797504486225 239 425 0.009908570379929529
11 SIMPLE_RADIAL 478 850 654.43661244578573 239 425 -0.0014432700370830226
12 SIMPLE_RADIAL 478 850 656.9865637537356 239 425 0.0076469348279113395
13 SIMPLE_RADIAL 478 850 660.06057490389071 239 425 0.012381738783745537
14 SIMPLE_RADIAL 478 850 660.32269317677037 239 425 0.022809018404323436
15 SIMPLE_RADIAL 478 850 669.88465911233641 239 425 0.020856421429492861
16 SIMPLE_RADIAL 478 850 664.48072806637526 239 425 0.0046273228762184282
17 SIMPLE_RADIAL 478 850 662.40378542520398 239 425 0.0026859447540937831
18 SIMPLE_RADIAL 478 850 661.28908285707769 239 425 0.0032860855047114868
19 SIMPLE_RADIAL 478 850 655.17186067063062 239 425 0.010748174868250289
20 SIMPLE_RADIAL 478 850 651.53357444692313 239 425 0.010408732902633788
21 SIMPLE_RADIAL 478 850 653.02284115947145 239 425 0.0046290701254060544
22 SIMPLE_RADIAL 478 850 655.55894097937858 239 425 0.0032188881447444647
23 SIMPLE_RADIAL 478 850 659.13166424023996 239 425 -0.0063039079619079223
24 SIMPLE_RADIAL 478 850 655.57066538229572 239 425 3.5994420128066723e-05
25 SIMPLE_RADIAL 478 850 657.5891767663735 239 425 -0.0020929465652362502
26 SIMPLE_RADIAL 478 850 655.49200290755061 239 425 0.0041815963145817861
27 SIMPLE_RADIAL 478 850 655.5427649601163 239 425 0.0069441590810836208
28 SIMPLE_RADIAL 478 850 656.21137524991821 239 425 0.012142761732480637
29 SIMPLE_RADIAL 478 850 655.37011587120094 239 425 0.0070172743782363533
30 SIMPLE_RADIAL 478 850 655.01248111169821 239 425 0.0054518801632790301
31 SIMPLE_RADIAL 478 850 652.0677310712357 239 425 0.01286908192652835
32 SIMPLE_RADIAL 478 850 658.48724370162643 239 425 -0.0039449768071744568
33 SIMPLE_RADIAL 478 850 660.30770376138116 239 425 -0.0055843821365851812
34 SIMPLE_RADIAL 478 850 655.62743588985279 239 425 0.0055053821632688061
35 SIMPLE_RADIAL 478 850 655.02903119933785 239 425 0.0083240180501567701
36 SIMPLE_RADIAL 478 850 651.55698159975918 239 425 0.015228621882347547
37 SIMPLE_RADIAL 478 850 654.98006964009085 239 425 0.0021652577124665518
38 SIMPLE_RADIAL 478 850 651.8157303988022 239 425 0.014851051645963271
39 SIMPLE_RADIAL 478 850 649.81877606072112 239 425 0.013238995972441416
40 SIMPLE_RADIAL 478 850 653.19139680754552 239 425 0.0071722192456231031
41 SIMPLE_RADIAL 478 850 650.90804223909424 239 425 0.01758266907894571
42 SIMPLE_RADIAL 478 850 649.36916712084337 239 425 0.022270894986872073
43 SIMPLE_RADIAL 478 850 655.18286586914223 239 425 0.0087252299779969431
44 SIMPLE_RADIAL 478 850 656.7034908705142 239 425 0.00052676226495805838
45 SIMPLE_RADIAL 478 850 650.12160281692309 239 425 0.015463459711835726
46 SIMPLE_RADIAL 478 850 649.68420888590413 239 425 0.016115834375814493
47 SIMPLE_RADIAL 478 850 650.72041975571108 239 425 0.0013794884998314628
48 SIMPLE_RADIAL 478 850 656.99490739002283 239 425 0.0078835063194337852
49 SIMPLE_RADIAL 478 850 649.99895220971496 239 425 0.019026954414194226
50 SIMPLE_RADIAL 478 850 645.26945982312327 239 425 0.023610716438593252
51 SIMPLE_RADIAL 478 850 656.36111536633553 239 425 -0.0048829978830759084
52 SIMPLE_RADIAL 478 850 650.27544143830744 239 425 0.014321194015994326
53 SIMPLE_RADIAL 478 850 649.60040549676557 239 425 0.010088057516352868
54 SIMPLE_RADIAL 478 850 652.33328616085544 239 425 0.0093116633886585459
55 SIMPLE_RADIAL 478 850 651.40499496628843 239 425 0.011514027641228221
56 SIMPLE_RADIAL 478 850 650.9289901841687 239 425 0.012320704610243181
57 SIMPLE_RADIAL 478 850 651.84094341194054 239 425 0.0092214671506082833
58 SIMPLE_RADIAL 478 850 648.83231044342097 239 425 0.019452527013428554
59 SIMPLE_RADIAL 478 850 651.37120443746085 239 425 0.01211064635478641
60 SIMPLE_RADIAL 478 850 653.89595844501662 239 425 0.005666262026961192
