# Frame list with one line of data per frame:
#   FRAME_ID, RIG_ID, RIG_FROM_WORLD[QW, QX, QY, QZ, TX, TY, TZ], NUM_DATA_IDS, DATA_IDS[] as (SENSOR_TYPE, SENSOR_ID, DATA_ID)
# Number of frames: 60
1 10 -0.0072940938540505817 0.0077002562278357597 0.99237481959849161 -0.12279951007937891 0.02109964411465164 0.17781251250709376 3.4761612191515701 1 CAMERA 10 1
2 5 0.25819514551109513 0.0080102315603263162 0.95936636695996291 -0.11352214308625587 0.17356570327910836 0.098948263643858766 3.7474046199720856 1 CAMERA 5 2
3 13 -0.15620465703048708 -0.018805469433412388 0.98031170430708103 -0.11931228704506124 -0.10872837758308396 0.25380651050008973 3.6897242559353955 1 CAMERA 13 3
4 9 0.076495302472226662 -0.0096843032573122306 0.98832457090192416 -0.131412425293922 -0.12488023821595899 0.2485088208115098 3.5542688290542848 1 CAMERA 9 4
5 3 0.37394244936371213 0.029494117361871408 0.92084685199420335 -0.10648106299843919 0.29471601188419572 0.055004891510176013 3.9573233344086698 1 CAMERA 3 5
6 12 -0.087282290922940708 -0.016277660504182202 0.98961596301457178 -0.11303576958863744 -0.00018249540900087716 0.14891421346362763 3.5374300748683356 1 CAMERA 12 6
7 15 -0.23419442726761461 -0.025982748723144468 0.96240485431139922 -0.13511018985790244 -0.26811140041818882 0.4165254102969872 3.6522411128026668 1 CAMERA 15 7
8 14 -0.20294395048059496 -0.021735165046045956 0.97102116552092699 -0.12433515864039235 -0.16362845332966638 0.2611885951683432 3.6552269108240472 1 CAMERA 14 8
9 11 -0.031110964728374838 0.0047832754264288315 0.99218350492966245 -0.1207523113458097 -0.021452917617223597 0.15826661019057303 3.4626236359472142 1 CAMERA 11 9
10 8 0.15668258634621476 0.0044971346970283134 0.98082163072404549 -0.11584157983730164 -0.16527876690015297 0.10601151969831286 3.7125201424240757 1 CAMERA 8 10
11 6 0.24387986816249058 0.014865961100218077 0.96517629864824206 -0.093468313525454649 -0.22432592036014048 -0.059527838159313076 3.7685381922795025 1 CAMERA 6 11
12 1 0.44618469168304553 0.032280390229593767 0.89215002751118666 -0.06281341995242691 0.1683163840437549 -0.2339765868973416 4.2042750666138522 1 CAMERA 1 12
13 16 -0.26453514659434463 -0.027348348645879633 0.95368202955137149 -0.14058382038282041 -0.5304292686565647 0.49891446546115759 3.6212869183883796 1 CAMERA 16 13
14 7 0.23461383849339598 0.013738695905809346 0.96712536035529273 -0.097139756947646427 -0.37282327221722117 -0.015943454617609442 3.7708972252674413 1 CAMERA 7 14
15 2 0.4163015686675684 0.03091835963977765 0.90547490130061925 -0.076500078932906987 0.28587660204053039 -0.15472734752791589 4.1032451334095841 1 CAMERA 2 15
16 4 0.33590834183450891 0.046757490378991393 0.93528922289371885 -0.10106133047963033 0.21206080250155607 -0.03930934970723627 3.7919371043383165 1 CAMERA 4 16
17 17 -0.30473129498538692 -0.034406132797098941 0.94294695486683744 -0.12963832839803335 -0.83347632845977238 0.35489374466362911 3.7860130473779794 1 CAMERA 17 17
18 18 -0.33004759822638274 -0.044081997137453373 0.93492789658042985 -0.12261805996289082 -0.87415688468589592 0.3203073988785945 3.912416486754517 1 CAMERA 18 18
19 20 -0.42237637042090198 -0.04244828994194292 0.89909909996914394 -0.10685107779402707 -0.79236129800889266 0.22673071205512588 4.0155500313262671 1 CAMERA 20 19
20 19 -0.37043494774112462 -0.038787949123763647 0.92227402254947533 -0.10336378391493052 -0.97353444523978705 0.23360321175440332 4.0148634946608137 1 CAMERA 19 20
21 21 0.51140861741949462 0.053701511776252916 -0.8533364223051364 0.08599025543336912 -0.37353827921156607 0.13462667243711454 3.9168150035598597 1 CAMERA 21 21
22 22 0.58511029902640244 0.043168805579665688 -0.80689425856035324 0.068586060540004337 -0.092464902989220707 0.18229249891598143 3.8383558412200278 1 CAMERA 22 22
23 25 0.71770049007500469 0.080180609952600221 -0.69006905834637489 0.047767887190817392 0.31514749914910217 0.033419390193501479 3.8693302432378327 1 CAMERA 25 23
24 31 0.90001523464127064 0.081367425190812401 -0.42702634872852979 0.03162936962723456 0.46160382602715905 0.13869553141949872 3.5394299065688504 1 CAMERA 31 24
25 26 0.74913937359282878 0.073804241199908929 -0.65656086990904627 0.047654559258546871 0.3390717133856968 0.055487482050470445 3.7623542672377086 1 CAMERA 26 25
26 23 0.66420328804300277 0.058559026803423987 -0.74331825861676748 0.053691702707553336 0.32727609582237116 0.08893796350213258 3.8122192237767312 1 CAMERA 23 26
27 24 0.70581856894563677 0.079293040961784786 -0.70197750222693278 0.052539011732261477 0.381709853269324 0.054877016117450987 3.8556178824941889 1 CAMERA 24 27
28 29 0.83306934075409589 0.065733816697787759 -0.54682489068861551 0.051546850158486958 0.20572943229454752 0.25116674775766556 3.4360058156825639 1 CAMERA 29 28
29 28 0.79422288139764996 0.07211930402035921 -0.60106279289910902 0.052271786313042537 0.17768667560061535 0.19247167284643976 3.4460008396549111 1 CAMERA 28 29
30 27 0.77222027132745052 0.077656736644102914 -0.62799147299029601 0.057201343133054992 0.34279154846514953 0.10423702105269773 3.617427023184713 1 CAMERA 27 30
31 32 0.92214471443778212 0.07603528084457864 -0.37626939209495874 0.047844605483144016 0.39154615066436577 0.1975435183763718 3.3636436827281466 1 CAMERA 32 31
32 30 0.88500330825766316 0.0926648316632874 -0.454974544797911 0.034358942529420747 0.40843444991438865 0.077842474425730168 3.5340772817538642 1 CAMERA 30 32
33 33 0.92944641533265826 0.084832035670250536 -0.35699681974165881 0.038550712621882276 0.1435475124034129 0.10558560680929159 3.1813047282601019 1 CAMERA 33 33
34 34 0.94273592607592693 0.082625670318663774 -0.32246234262515289 0.020976412440040771 0.064975766289266032 0.081223080067471823 3.084844707508088 1 CAMERA 34 34
35 36 0.97516083834128053 0.10180095753736138 -0.19668219043770316 -0.0037443790719306346 0.1168570202180275 -0.10259223737159208 3.1653696132236258 1 CAMERA 36 35
36 35 0.95342256112070689 0.080770961211844322 -0.2904310318689296 0.01054928900426122 0.087676600601004059 0.050207944080501381 3.0772210042491492 1 CAMERA 35 36
37 37 0.98014692476376908 0.10560709272372923 -0.16687500745740985 -0.01766011689251934 0.034745443245174042 -0.18311910449437252 3.1776341394949901 1 CAMERA 37 37
38 41 0.99790557152353132 0.050487134285190943 0.039805537050897816 -0.007144145438974645 0.15170270494954582 0.2137141160755463 3.1244619887284193 1 CAMERA 41 38
39 40 0.99835602379363819 0.047231307653194797 -0.03044250046262029 -0.011300774217255451 0.038416663279242071 0.24942368868624729 3.0355315014787392 1 CAMERA 40 39
40 39 0.99694308514829855 0.044381261248984082 -0.064295503527900255 0.00093640324417414687 -0.015008530740702276 0.25365739000134341 3.0388792550826906 1 CAMERA 39 40
41 42 0.99251630649097411 0.060071310285674147 0.10564945131448752 -0.011874867031878289 0.24778126521668756 0.15257310339293997 3.2681166096362917 1 CAMERA 42 41
42 44 0.98948699749470614 0.030644474405151636 0.14130371080285029 0.0031079399427772323 -0.24611121335555347 0.24827453312735057 3.3005775365733054 1 CAMERA 44 42
43 38 0.99066224298659522 0.077570649224128652 -0.11211590264879646 0.0010672736111512443 0.050518385898064101 -0.029484051259467979 3.0960725143850634 1 CAMERA 38 43
44 43 0.9909575138847867 0.05625803872341642 0.11995368195391552 -0.021197946598114439 0.11524327278145217 0.15183270320044479 3.3451986384627119 1 CAMERA 43 44
45 47 0.96318765320877309 0.047555382255800915 0.26189895453593004 -0.037642634573949375 -0.35607311775384226 0.12776662711320186 3.3063635306954362 1 CAMERA 47 45
46 45 0.98795812478360678 0.036179898003728062 0.15039854342433895 0.0031680893826088082 -0.51918634742777281 0.21267429711941466 3.2154166337374459 1 CAMERA 45 46
47 48 0.93508333980212954 0.072005096850117287 0.34537668002106869 -0.033902249921275524 -0.37514016195675548 -0.063646220184431612 3.5725623521798955 1 CAMERA 48 47
48 46 0.9809896934792115 0.041995457325564721 0.18848496364396833 -0.019209927946543234 -0.50582307780177749 0.19705395839154646 3.2184052721795271 1 CAMERA 46 48
49 49 0.91606523918478056 0.066421482128746281 0.39120643193313004 -0.058053353764455175 -0.32895440173085017 0.036249829180753569 3.680565086538488 1 CAMERA 49 49
50 50 0.89174057885545643 0.042738300638437331 0.4471246840109584 -0.055242145407057734 -0.29756044200457571 0.132200416729537 3.7380051544908093 1 CAMERA 50 50
51 52 0.8616444642007739 0.044565184051230257 0.50213165042279873 -0.058707472491309268 -0.45985552095136989 0.17595873541889634 3.7756138120259659 1 CAMERA 52 51
52 51 0.88083690660070324 0.048738293932875085 0.46781770015437646 -0.053828636401888487 -0.31634417925290065 0.11899783014541226 3.7601208036361111 1 CAMERA 51 52
53 53 0.80832403447407819 0.05914285241918233 0.58359994973310403 -0.050254123918245464 -0.12670737481663696 -0.062512961116883092 3.9401339139080731 1 CAMERA 53 53
54 54 0.78335849851054296 0.058967964912684918 0.61665645046376605 -0.051059416631928409 -0.1447236262064919 -0.065951002556259658 4.102808814072211 1 CAMERA 54 54
55 55 0.77394968628713545 0.063547527461081332 0.62767586952997434 -0.05464977272979598 -0.20913646931118718 -0.095937344793674773 4.1079907979209294 1 CAMERA 55 55
56 56 0.74157208007399222 0.049598543258385967 0.66560913514003484 -0.067641065777480205 -0.24466199805733915 -0.0034413116680856314 4.023199755674983 1 CAMERA 56 56
57 57 0.72617500005885693 0.046293306523737851 0.68206513941845648 -0.072896808233968102 -0.32680580983482965 0.077749530010362236 3.9614078661919101 1 CAMERA 57 57
58 58 0.70826357756408653 0.069108026086536226 0.69803116571258983 -0.079619577494904101 -0.4252780987134695 -0.022564173301451107 3.9121606633252926 1 CAMERA 58 58
59 60 0.61891356457744495 0.05412400428688393 0.78147196186564394 -0.057603511697255368 -0.095655089816522126 -0.2053711049921223 4.1535810593219713 1 CAMERA 60 59
60 59 0.6594496616497838 0.04549125082054617 0.74728135115387651 -0.068024055057050545 -0.19203463796973919 -0.042159674920011166 4.0224175763584373 1 CAMERA 59 60
